2022/07/08-03:42:47.994229 2057ac600 RocksDB version: 6.12.7
2022/07/08-03:42:47.994670 2057ac600 Git sha rocksdb_build_git_sha:@0@
2022/07/08-03:42:47.994675 2057ac600 Compile date Jul 27 2021
2022/07/08-03:42:47.994691 2057ac600 DB SUMMARY
2022/07/08-03:42:47.994693 2057ac600 DB Session ID:  S6B4NGY99XS5N6MRWKZP
2022/07/08-03:42:47.994746 2057ac600 CURRENT file:  CURRENT
2022/07/08-03:42:47.994748 2057ac600 IDENTITY file:  IDENTITY
2022/07/08-03:42:47.994774 2057ac600 MANIFEST file:  MANIFEST-000153 size: 6300 Bytes
2022/07/08-03:42:47.994775 2057ac600 SST files in /Users/davidmartinezgil/Desktop/Bicheka/.dfx/state/replicated_state/node-100/ic_consensus_pool/consensus dir, Total Num: 12, files: 000157.sst 000158.sst 000159.sst 000160.sst 000161.sst 000162.sst 000163.sst 000164.sst 000165.sst 
2022/07/08-03:42:47.994777 2057ac600 Write Ahead Log file in /Users/davidmartinezgil/Desktop/Bicheka/.dfx/state/replicated_state/node-100/ic_consensus_pool/consensus: 000154.log size: 24394483 ; 
2022/07/08-03:42:47.994778 2057ac600                         Options.error_if_exists: 0
2022/07/08-03:42:47.994780 2057ac600                       Options.create_if_missing: 1
2022/07/08-03:42:47.994781 2057ac600                         Options.paranoid_checks: 1
2022/07/08-03:42:47.994782 2057ac600                                     Options.env: 0x10368a7e8
2022/07/08-03:42:47.994783 2057ac600                                      Options.fs: Posix File System
2022/07/08-03:42:47.994784 2057ac600                                Options.info_log: 0x7f9911217b70
2022/07/08-03:42:47.994785 2057ac600                Options.max_file_opening_threads: 16
2022/07/08-03:42:47.994786 2057ac600                              Options.statistics: 0x0
2022/07/08-03:42:47.994786 2057ac600                               Options.use_fsync: 1
2022/07/08-03:42:47.994787 2057ac600                       Options.max_log_file_size: 0
2022/07/08-03:42:47.994788 2057ac600                  Options.max_manifest_file_size: 1073741824
2022/07/08-03:42:47.994789 2057ac600                   Options.log_file_time_to_roll: 0
2022/07/08-03:42:47.994789 2057ac600                       Options.keep_log_file_num: 1000
2022/07/08-03:42:47.994790 2057ac600                    Options.recycle_log_file_num: 0
2022/07/08-03:42:47.994791 2057ac600                         Options.allow_fallocate: 1
2022/07/08-03:42:47.994792 2057ac600                        Options.allow_mmap_reads: 0
2022/07/08-03:42:47.994792 2057ac600                       Options.allow_mmap_writes: 0
2022/07/08-03:42:47.994793 2057ac600                        Options.use_direct_reads: 0
2022/07/08-03:42:47.994794 2057ac600                        Options.use_direct_io_for_flush_and_compaction: 0
2022/07/08-03:42:47.994794 2057ac600          Options.create_missing_column_families: 1
2022/07/08-03:42:47.994795 2057ac600                              Options.db_log_dir: 
2022/07/08-03:42:47.994796 2057ac600                                 Options.wal_dir: /Users/davidmartinezgil/Desktop/Bicheka/.dfx/state/replicated_state/node-100/ic_consensus_pool/consensus
2022/07/08-03:42:47.994797 2057ac600                Options.table_cache_numshardbits: 6
2022/07/08-03:42:47.994798 2057ac600                         Options.WAL_ttl_seconds: 0
2022/07/08-03:42:47.994798 2057ac600                       Options.WAL_size_limit_MB: 0
2022/07/08-03:42:47.994799 2057ac600                        Options.max_write_batch_group_size_bytes: 1048576
2022/07/08-03:42:47.994800 2057ac600             Options.manifest_preallocation_size: 4194304
2022/07/08-03:42:47.994801 2057ac600                     Options.is_fd_close_on_exec: 1
2022/07/08-03:42:47.994801 2057ac600                   Options.advise_random_on_open: 1
2022/07/08-03:42:47.994802 2057ac600                    Options.db_write_buffer_size: 0
2022/07/08-03:42:47.994803 2057ac600                    Options.write_buffer_manager: 0x7f99112179b0
2022/07/08-03:42:47.994803 2057ac600         Options.access_hint_on_compaction_start: 1
2022/07/08-03:42:47.994804 2057ac600  Options.new_table_reader_for_compaction_inputs: 0
2022/07/08-03:42:47.994805 2057ac600           Options.random_access_max_buffer_size: 1048576
2022/07/08-03:42:47.994818 2057ac600                      Options.use_adaptive_mutex: 0
2022/07/08-03:42:47.994819 2057ac600                            Options.rate_limiter: 0x0
2022/07/08-03:42:47.994821 2057ac600     Options.sst_file_manager.rate_bytes_per_sec: 0
2022/07/08-03:42:47.994822 2057ac600                       Options.wal_recovery_mode: 2
2022/07/08-03:42:47.994823 2057ac600                  Options.enable_thread_tracking: 0
2022/07/08-03:42:47.994823 2057ac600                  Options.enable_pipelined_write: 0
2022/07/08-03:42:47.994824 2057ac600                  Options.unordered_write: 0
2022/07/08-03:42:47.994825 2057ac600         Options.allow_concurrent_memtable_write: 1
2022/07/08-03:42:47.994826 2057ac600      Options.enable_write_thread_adaptive_yield: 1
2022/07/08-03:42:47.994826 2057ac600             Options.write_thread_max_yield_usec: 100
2022/07/08-03:42:47.994827 2057ac600            Options.write_thread_slow_yield_usec: 3
2022/07/08-03:42:47.994828 2057ac600                               Options.row_cache: None
2022/07/08-03:42:47.994829 2057ac600                              Options.wal_filter: None
2022/07/08-03:42:47.994832 2057ac600             Options.avoid_flush_during_recovery: 0
2022/07/08-03:42:47.994833 2057ac600             Options.allow_ingest_behind: 0
2022/07/08-03:42:47.994833 2057ac600             Options.preserve_deletes: 0
2022/07/08-03:42:47.994834 2057ac600             Options.two_write_queues: 0
2022/07/08-03:42:47.994835 2057ac600             Options.manual_wal_flush: 0
2022/07/08-03:42:47.994836 2057ac600             Options.atomic_flush: 0
2022/07/08-03:42:47.994836 2057ac600             Options.avoid_unnecessary_blocking_io: 0
2022/07/08-03:42:47.994837 2057ac600                 Options.persist_stats_to_disk: 0
2022/07/08-03:42:47.994838 2057ac600                 Options.write_dbid_to_manifest: 0
2022/07/08-03:42:47.994839 2057ac600                 Options.log_readahead_size: 0
2022/07/08-03:42:47.994839 2057ac600                 Options.file_checksum_gen_factory: Unknown
2022/07/08-03:42:47.994841 2057ac600                 Options.best_efforts_recovery: 0
2022/07/08-03:42:47.994842 2057ac600                Options.max_bgerror_resume_count: 2147483647
2022/07/08-03:42:47.994843 2057ac600            Options.bgerror_resume_retry_interval: 1000000
2022/07/08-03:42:47.994844 2057ac600             Options.max_background_jobs: 2
2022/07/08-03:42:47.994844 2057ac600             Options.max_background_compactions: -1
2022/07/08-03:42:47.994845 2057ac600             Options.max_subcompactions: 1
2022/07/08-03:42:47.994846 2057ac600             Options.avoid_flush_during_shutdown: 0
2022/07/08-03:42:47.994847 2057ac600           Options.writable_file_max_buffer_size: 1048576
2022/07/08-03:42:47.994847 2057ac600             Options.delayed_write_rate : 16777216
2022/07/08-03:42:47.994849 2057ac600             Options.max_total_wal_size: 0
2022/07/08-03:42:47.994850 2057ac600             Options.delete_obsolete_files_period_micros: 21600000000
2022/07/08-03:42:47.994851 2057ac600                   Options.stats_dump_period_sec: 600
2022/07/08-03:42:47.994851 2057ac600                 Options.stats_persist_period_sec: 600
2022/07/08-03:42:47.994852 2057ac600                 Options.stats_history_buffer_size: 1048576
2022/07/08-03:42:47.994853 2057ac600                          Options.max_open_files: -1
2022/07/08-03:42:47.994854 2057ac600                          Options.bytes_per_sync: 0
2022/07/08-03:42:47.994854 2057ac600                      Options.wal_bytes_per_sync: 0
2022/07/08-03:42:47.994855 2057ac600                   Options.strict_bytes_per_sync: 0
2022/07/08-03:42:47.994856 2057ac600       Options.compaction_readahead_size: 0
2022/07/08-03:42:47.994856 2057ac600                  Options.max_background_flushes: -1
2022/07/08-03:42:47.994857 2057ac600 Compression algorithms supported:
2022/07/08-03:42:47.994863 2057ac600 	kZSTD supported: 1
2022/07/08-03:42:47.994864 2057ac600 	kZlibCompression supported: 1
2022/07/08-03:42:47.994878 2057ac600 	kXpressCompression supported: 0
2022/07/08-03:42:47.994880 2057ac600 	kSnappyCompression supported: 1
2022/07/08-03:42:47.994881 2057ac600 	kZSTDNotFinalCompression supported: 1
2022/07/08-03:42:47.994881 2057ac600 	kLZ4HCCompression supported: 1
2022/07/08-03:42:47.994882 2057ac600 	kLZ4Compression supported: 1
2022/07/08-03:42:47.994883 2057ac600 	kBZip2Compression supported: 1
2022/07/08-03:42:47.994885 2057ac600 Fast CRC32 supported: Supported on x86
2022/07/08-03:42:47.995180 2057ac600 [db/version_set.cc:4560] Recovering from manifest file: /Users/davidmartinezgil/Desktop/Bicheka/.dfx/state/replicated_state/node-100/ic_consensus_pool/consensus/MANIFEST-000153
2022/07/08-03:42:47.995234 2057ac600 [db/column_family.cc:580] --------------- Options for column family [default]:
2022/07/08-03:42:47.995235 2057ac600               Options.comparator: leveldb.BytewiseComparator
2022/07/08-03:42:47.995236 2057ac600           Options.merge_operator: None
2022/07/08-03:42:47.995237 2057ac600        Options.compaction_filter: None
2022/07/08-03:42:47.995238 2057ac600        Options.compaction_filter_factory: None
2022/07/08-03:42:47.995239 2057ac600  Options.sst_partitioner_factory: None
2022/07/08-03:42:47.995239 2057ac600         Options.memtable_factory: SkipListFactory
2022/07/08-03:42:47.995240 2057ac600            Options.table_factory: BlockBasedTable
2022/07/08-03:42:47.995270 2057ac600            table_factory options:   flush_block_policy_factory: FlushBlockBySizePolicyFactory (0x7f9911216a40)
  cache_index_and_filter_blocks: 0
  cache_index_and_filter_blocks_with_high_priority: 1
  pin_l0_filter_and_index_blocks_in_cache: 0
  pin_top_level_index_and_filter: 1
  index_type: 0
  data_block_index_type: 0
  index_shortening: 1
  data_block_hash_table_util_ratio: 0.750000
  hash_index_allow_collision: 1
  checksum: 1
  no_block_cache: 0
  block_cache: 0x7f9911216a88
  block_cache_name: LRUCache
  block_cache_options:
    capacity : 8388608
    num_shard_bits : 4
    strict_capacity_limit : 0
    memory_allocator : None
    high_pri_pool_ratio: 0.000
  block_cache_compressed: 0x0
  persistent_cache: 0x0
  block_size: 4096
  block_size_deviation: 10
  block_restart_interval: 16
  index_block_restart_interval: 1
  metadata_block_size: 4096
  partition_filters: 0
  use_delta_encoding: 1
  filter_policy: nullptr
  whole_key_filtering: 1
  verify_compression: 0
  read_amp_bytes_per_bit: 0
  format_version: 4
  enable_index_compression: 1
  block_align: 0
2022/07/08-03:42:47.995271 2057ac600        Options.write_buffer_size: 67108864
2022/07/08-03:42:47.995272 2057ac600  Options.max_write_buffer_number: 2
2022/07/08-03:42:47.995278 2057ac600          Options.compression: Snappy
2022/07/08-03:42:47.995279 2057ac600                  Options.bottommost_compression: Disabled
2022/07/08-03:42:47.995280 2057ac600       Options.prefix_extractor: nullptr
2022/07/08-03:42:47.995280 2057ac600   Options.memtable_insert_with_hint_prefix_extractor: nullptr
2022/07/08-03:42:47.995281 2057ac600             Options.num_levels: 7
2022/07/08-03:42:47.995282 2057ac600        Options.min_write_buffer_number_to_merge: 1
2022/07/08-03:42:47.995282 2057ac600     Options.max_write_buffer_number_to_maintain: 0
2022/07/08-03:42:47.995283 2057ac600     Options.max_write_buffer_size_to_maintain: 0
2022/07/08-03:42:47.995284 2057ac600            Options.bottommost_compression_opts.window_bits: -14
2022/07/08-03:42:47.995285 2057ac600                  Options.bottommost_compression_opts.level: 32767
2022/07/08-03:42:47.995286 2057ac600               Options.bottommost_compression_opts.strategy: 0
2022/07/08-03:42:47.995286 2057ac600         Options.bottommost_compression_opts.max_dict_bytes: 0
2022/07/08-03:42:47.995287 2057ac600         Options.bottommost_compression_opts.zstd_max_train_bytes: 0
2022/07/08-03:42:47.995288 2057ac600         Options.bottommost_compression_opts.parallel_threads: 1
2022/07/08-03:42:47.995289 2057ac600                  Options.bottommost_compression_opts.enabled: false
2022/07/08-03:42:47.995290 2057ac600            Options.compression_opts.window_bits: -14
2022/07/08-03:42:47.995303 2057ac600                  Options.compression_opts.level: 32767
2022/07/08-03:42:47.995304 2057ac600               Options.compression_opts.strategy: 0
2022/07/08-03:42:47.995305 2057ac600         Options.compression_opts.max_dict_bytes: 0
2022/07/08-03:42:47.995305 2057ac600         Options.compression_opts.zstd_max_train_bytes: 0
2022/07/08-03:42:47.995306 2057ac600         Options.compression_opts.parallel_threads: 1
2022/07/08-03:42:47.995307 2057ac600                  Options.compression_opts.enabled: false
2022/07/08-03:42:47.995308 2057ac600      Options.level0_file_num_compaction_trigger: 4
2022/07/08-03:42:47.995308 2057ac600          Options.level0_slowdown_writes_trigger: 20
2022/07/08-03:42:47.995309 2057ac600              Options.level0_stop_writes_trigger: 36
2022/07/08-03:42:47.995310 2057ac600                   Options.target_file_size_base: 67108864
2022/07/08-03:42:47.995311 2057ac600             Options.target_file_size_multiplier: 1
2022/07/08-03:42:47.995311 2057ac600                Options.max_bytes_for_level_base: 268435456
2022/07/08-03:42:47.995312 2057ac600 Options.level_compaction_dynamic_level_bytes: 0
2022/07/08-03:42:47.995313 2057ac600          Options.max_bytes_for_level_multiplier: 10.000000
2022/07/08-03:42:47.995314 2057ac600 Options.max_bytes_for_level_multiplier_addtl[0]: 1
2022/07/08-03:42:47.995315 2057ac600 Options.max_bytes_for_level_multiplier_addtl[1]: 1
2022/07/08-03:42:47.995316 2057ac600 Options.max_bytes_for_level_multiplier_addtl[2]: 1
2022/07/08-03:42:47.995316 2057ac600 Options.max_bytes_for_level_multiplier_addtl[3]: 1
2022/07/08-03:42:47.995317 2057ac600 Options.max_bytes_for_level_multiplier_addtl[4]: 1
2022/07/08-03:42:47.995318 2057ac600 Options.max_bytes_for_level_multiplier_addtl[5]: 1
2022/07/08-03:42:47.995318 2057ac600 Options.max_bytes_for_level_multiplier_addtl[6]: 1
2022/07/08-03:42:47.995319 2057ac600       Options.max_sequential_skip_in_iterations: 8
2022/07/08-03:42:47.995320 2057ac600                    Options.max_compaction_bytes: 1677721600
2022/07/08-03:42:47.995321 2057ac600                        Options.arena_block_size: 8388608
2022/07/08-03:42:47.995322 2057ac600   Options.soft_pending_compaction_bytes_limit: 68719476736
2022/07/08-03:42:47.995323 2057ac600   Options.hard_pending_compaction_bytes_limit: 274877906944
2022/07/08-03:42:47.995323 2057ac600       Options.rate_limit_delay_max_milliseconds: 100
2022/07/08-03:42:47.995324 2057ac600                Options.disable_auto_compactions: 0
2022/07/08-03:42:47.995331 2057ac600                        Options.compaction_style: kCompactionStyleLevel
2022/07/08-03:42:47.995332 2057ac600                          Options.compaction_pri: kMinOverlappingRatio
2022/07/08-03:42:47.995333 2057ac600 Options.compaction_options_universal.size_ratio: 1
2022/07/08-03:42:47.995334 2057ac600 Options.compaction_options_universal.min_merge_width: 2
2022/07/08-03:42:47.995335 2057ac600 Options.compaction_options_universal.max_merge_width: 4294967295
2022/07/08-03:42:47.995335 2057ac600 Options.compaction_options_universal.max_size_amplification_percent: 200
2022/07/08-03:42:47.995336 2057ac600 Options.compaction_options_universal.compression_size_percent: -1
2022/07/08-03:42:47.995337 2057ac600 Options.compaction_options_universal.stop_style: kCompactionStopStyleTotalSize
2022/07/08-03:42:47.995338 2057ac600 Options.compaction_options_fifo.max_table_files_size: 1073741824
2022/07/08-03:42:47.995339 2057ac600 Options.compaction_options_fifo.allow_compaction: 0
2022/07/08-03:42:47.995343 2057ac600                   Options.table_properties_collectors: 
2022/07/08-03:42:47.995344 2057ac600                   Options.inplace_update_support: 0
2022/07/08-03:42:47.995344 2057ac600                 Options.inplace_update_num_locks: 10000
2022/07/08-03:42:47.995345 2057ac600               Options.memtable_prefix_bloom_size_ratio: 0.000000
2022/07/08-03:42:47.995346 2057ac600               Options.memtable_whole_key_filtering: 0
2022/07/08-03:42:47.995347 2057ac600   Options.memtable_huge_page_size: 0
2022/07/08-03:42:47.995356 2057ac600                           Options.bloom_locality: 0
2022/07/08-03:42:47.995357 2057ac600                    Options.max_successive_merges: 0
2022/07/08-03:42:47.995358 2057ac600                Options.optimize_filters_for_hits: 0
2022/07/08-03:42:47.995359 2057ac600                Options.paranoid_file_checks: 0
2022/07/08-03:42:47.995359 2057ac600                Options.force_consistency_checks: 0
2022/07/08-03:42:47.995360 2057ac600                Options.report_bg_io_stats: 0
2022/07/08-03:42:47.995361 2057ac600                               Options.ttl: 2592000
2022/07/08-03:42:47.995362 2057ac600          Options.periodic_compaction_seconds: 0
2022/07/08-03:42:47.995764 2057ac600 [db/column_family.cc:580] --------------- Options for column family [RB]:
2022/07/08-03:42:47.995766 2057ac600               Options.comparator: leveldb.BytewiseComparator
2022/07/08-03:42:47.995766 2057ac600           Options.merge_operator: None
2022/07/08-03:42:47.995770 2057ac600        Options.compaction_filter: filter_outdated
2022/07/08-03:42:47.995770 2057ac600        Options.compaction_filter_factory: None
2022/07/08-03:42:47.995771 2057ac600  Options.sst_partitioner_factory: None
2022/07/08-03:42:47.995772 2057ac600         Options.memtable_factory: SkipListFactory
2022/07/08-03:42:47.995773 2057ac600            Options.table_factory: BlockBasedTable
2022/07/08-03:42:47.995781 2057ac600            table_factory options:   flush_block_policy_factory: FlushBlockBySizePolicyFactory (0x7f991120dcb0)
  cache_index_and_filter_blocks: 0
  cache_index_and_filter_blocks_with_high_priority: 1
  pin_l0_filter_and_index_blocks_in_cache: 0
  pin_top_level_index_and_filter: 1
  index_type: 0
  data_block_index_type: 0
  index_shortening: 1
  data_block_hash_table_util_ratio: 0.750000
  hash_index_allow_collision: 1
  checksum: 1
  no_block_cache: 0
  block_cache: 0x7f991120dcf8
  block_cache_name: LRUCache
  block_cache_options:
    capacity : 8388608
    num_shard_bits : 4
    strict_capacity_limit : 0
    memory_allocator : None
    high_pri_pool_ratio: 0.000
  block_cache_compressed: 0x0
  persistent_cache: 0x0
  block_size: 4096
  block_size_deviation: 10
  block_restart_interval: 16
  index_block_restart_interval: 1
  metadata_block_size: 4096
  partition_filters: 0
  use_delta_encoding: 1
  filter_policy: nullptr
  whole_key_filtering: 1
  verify_compression: 0
  read_amp_bytes_per_bit: 0
  format_version: 4
  enable_index_compression: 1
  block_align: 0
2022/07/08-03:42:47.995782 2057ac600        Options.write_buffer_size: 67108864
2022/07/08-03:42:47.995783 2057ac600  Options.max_write_buffer_number: 2
2022/07/08-03:42:47.995784 2057ac600          Options.compression: NoCompression
2022/07/08-03:42:47.995785 2057ac600                  Options.bottommost_compression: Disabled
2022/07/08-03:42:47.995786 2057ac600       Options.prefix_extractor: nullptr
2022/07/08-03:42:47.995787 2057ac600   Options.memtable_insert_with_hint_prefix_extractor: nullptr
2022/07/08-03:42:47.995787 2057ac600             Options.num_levels: 7
2022/07/08-03:42:47.995788 2057ac600        Options.min_write_buffer_number_to_merge: 1
2022/07/08-03:42:47.995789 2057ac600     Options.max_write_buffer_number_to_maintain: 0
2022/07/08-03:42:47.995790 2057ac600     Options.max_write_buffer_size_to_maintain: 0
2022/07/08-03:42:47.995790 2057ac600            Options.bottommost_compression_opts.window_bits: -14
2022/07/08-03:42:47.995791 2057ac600                  Options.bottommost_compression_opts.level: 32767
2022/07/08-03:42:47.995792 2057ac600               Options.bottommost_compression_opts.strategy: 0
2022/07/08-03:42:47.995793 2057ac600         Options.bottommost_compression_opts.max_dict_bytes: 0
2022/07/08-03:42:47.995793 2057ac600         Options.bottommost_compression_opts.zstd_max_train_bytes: 0
2022/07/08-03:42:47.995794 2057ac600         Options.bottommost_compression_opts.parallel_threads: 1
2022/07/08-03:42:47.995795 2057ac600                  Options.bottommost_compression_opts.enabled: false
2022/07/08-03:42:47.995809 2057ac600            Options.compression_opts.window_bits: -14
2022/07/08-03:42:47.995810 2057ac600                  Options.compression_opts.level: 32767
2022/07/08-03:42:47.995811 2057ac600               Options.compression_opts.strategy: 0
2022/07/08-03:42:47.995811 2057ac600         Options.compression_opts.max_dict_bytes: 0
2022/07/08-03:42:47.995812 2057ac600         Options.compression_opts.zstd_max_train_bytes: 0
2022/07/08-03:42:47.995813 2057ac600         Options.compression_opts.parallel_threads: 1
2022/07/08-03:42:47.995814 2057ac600                  Options.compression_opts.enabled: false
2022/07/08-03:42:47.995814 2057ac600      Options.level0_file_num_compaction_trigger: 4
2022/07/08-03:42:47.995815 2057ac600          Options.level0_slowdown_writes_trigger: 20
2022/07/08-03:42:47.995816 2057ac600              Options.level0_stop_writes_trigger: 36
2022/07/08-03:42:47.995816 2057ac600                   Options.target_file_size_base: 67108864
2022/07/08-03:42:47.995817 2057ac600             Options.target_file_size_multiplier: 1
2022/07/08-03:42:47.995818 2057ac600                Options.max_bytes_for_level_base: 268435456
2022/07/08-03:42:47.995819 2057ac600 Options.level_compaction_dynamic_level_bytes: 0
2022/07/08-03:42:47.995819 2057ac600          Options.max_bytes_for_level_multiplier: 10.000000
2022/07/08-03:42:47.995820 2057ac600 Options.max_bytes_for_level_multiplier_addtl[0]: 1
2022/07/08-03:42:47.995821 2057ac600 Options.max_bytes_for_level_multiplier_addtl[1]: 1
2022/07/08-03:42:47.995822 2057ac600 Options.max_bytes_for_level_multiplier_addtl[2]: 1
2022/07/08-03:42:47.995823 2057ac600 Options.max_bytes_for_level_multiplier_addtl[3]: 1
2022/07/08-03:42:47.995823 2057ac600 Options.max_bytes_for_level_multiplier_addtl[4]: 1
2022/07/08-03:42:47.995824 2057ac600 Options.max_bytes_for_level_multiplier_addtl[5]: 1
2022/07/08-03:42:47.995825 2057ac600 Options.max_bytes_for_level_multiplier_addtl[6]: 1
2022/07/08-03:42:47.995826 2057ac600       Options.max_sequential_skip_in_iterations: 8
2022/07/08-03:42:47.995826 2057ac600                    Options.max_compaction_bytes: 1677721600
2022/07/08-03:42:47.995827 2057ac600                        Options.arena_block_size: 8388608
2022/07/08-03:42:47.995828 2057ac600   Options.soft_pending_compaction_bytes_limit: 68719476736
2022/07/08-03:42:47.995828 2057ac600   Options.hard_pending_compaction_bytes_limit: 274877906944
2022/07/08-03:42:47.995829 2057ac600       Options.rate_limit_delay_max_milliseconds: 100
2022/07/08-03:42:47.995830 2057ac600                Options.disable_auto_compactions: 1
2022/07/08-03:42:47.995831 2057ac600                        Options.compaction_style: kCompactionStyleLevel
2022/07/08-03:42:47.995832 2057ac600                          Options.compaction_pri: kMinOverlappingRatio
2022/07/08-03:42:47.995832 2057ac600 Options.compaction_options_universal.size_ratio: 1
2022/07/08-03:42:47.995833 2057ac600 Options.compaction_options_universal.min_merge_width: 2
2022/07/08-03:42:47.995834 2057ac600 Options.compaction_options_universal.max_merge_width: 4294967295
2022/07/08-03:42:47.995835 2057ac600 Options.compaction_options_universal.max_size_amplification_percent: 200
2022/07/08-03:42:47.995835 2057ac600 Options.compaction_options_universal.compression_size_percent: -1
2022/07/08-03:42:47.995836 2057ac600 Options.compaction_options_universal.stop_style: kCompactionStopStyleTotalSize
2022/07/08-03:42:47.995837 2057ac600 Options.compaction_options_fifo.max_table_files_size: 1073741824
2022/07/08-03:42:47.995838 2057ac600 Options.compaction_options_fifo.allow_compaction: 0
2022/07/08-03:42:47.995839 2057ac600                   Options.table_properties_collectors: 
2022/07/08-03:42:47.995839 2057ac600                   Options.inplace_update_support: 0
2022/07/08-03:42:47.995840 2057ac600                 Options.inplace_update_num_locks: 10000
2022/07/08-03:42:47.995841 2057ac600               Options.memtable_prefix_bloom_size_ratio: 0.000000
2022/07/08-03:42:47.995842 2057ac600               Options.memtable_whole_key_filtering: 0
2022/07/08-03:42:47.995855 2057ac600   Options.memtable_huge_page_size: 0
2022/07/08-03:42:47.995856 2057ac600                           Options.bloom_locality: 0
2022/07/08-03:42:47.995857 2057ac600                    Options.max_successive_merges: 0
2022/07/08-03:42:47.995857 2057ac600                Options.optimize_filters_for_hits: 0
2022/07/08-03:42:47.995858 2057ac600                Options.paranoid_file_checks: 0
2022/07/08-03:42:47.995859 2057ac600                Options.force_consistency_checks: 0
2022/07/08-03:42:47.995860 2057ac600                Options.report_bg_io_stats: 0
2022/07/08-03:42:47.995860 2057ac600                               Options.ttl: 2592000
2022/07/08-03:42:47.995861 2057ac600          Options.periodic_compaction_seconds: 2592000
2022/07/08-03:42:47.995895 2057ac600 [db/column_family.cc:580] --------------- Options for column family [FZ]:
2022/07/08-03:42:47.995897 2057ac600               Options.comparator: leveldb.BytewiseComparator
2022/07/08-03:42:47.995897 2057ac600           Options.merge_operator: None
2022/07/08-03:42:47.995898 2057ac600        Options.compaction_filter: filter_outdated
2022/07/08-03:42:47.995899 2057ac600        Options.compaction_filter_factory: None
2022/07/08-03:42:47.995900 2057ac600  Options.sst_partitioner_factory: None
2022/07/08-03:42:47.995900 2057ac600         Options.memtable_factory: SkipListFactory
2022/07/08-03:42:47.995901 2057ac600            Options.table_factory: BlockBasedTable
2022/07/08-03:42:47.995909 2057ac600            table_factory options:   flush_block_policy_factory: FlushBlockBySizePolicyFactory (0x7f991120e870)
  cache_index_and_filter_blocks: 0
  cache_index_and_filter_blocks_with_high_priority: 1
  pin_l0_filter_and_index_blocks_in_cache: 0
  pin_top_level_index_and_filter: 1
  index_type: 0
  data_block_index_type: 0
  index_shortening: 1
  data_block_hash_table_util_ratio: 0.750000
  hash_index_allow_collision: 1
  checksum: 1
  no_block_cache: 0
  block_cache: 0x7f991120e8b8
  block_cache_name: LRUCache
  block_cache_options:
    capacity : 8388608
    num_shard_bits : 4
    strict_capacity_limit : 0
    memory_allocator : None
    high_pri_pool_ratio: 0.000
  block_cache_compressed: 0x0
  persistent_cache: 0x0
  block_size: 4096
  block_size_deviation: 10
  block_restart_interval: 16
  index_block_restart_interval: 1
  metadata_block_size: 4096
  partition_filters: 0
  use_delta_encoding: 1
  filter_policy: nullptr
  whole_key_filtering: 1
  verify_compression: 0
  read_amp_bytes_per_bit: 0
  format_version: 4
  enable_index_compression: 1
  block_align: 0
2022/07/08-03:42:47.995910 2057ac600        Options.write_buffer_size: 67108864
2022/07/08-03:42:47.995911 2057ac600  Options.max_write_buffer_number: 2
2022/07/08-03:42:47.995911 2057ac600          Options.compression: NoCompression
2022/07/08-03:42:47.995912 2057ac600                  Options.bottommost_compression: Disabled
2022/07/08-03:42:47.995913 2057ac600       Options.prefix_extractor: nullptr
2022/07/08-03:42:47.995914 2057ac600   Options.memtable_insert_with_hint_prefix_extractor: nullptr
2022/07/08-03:42:47.995915 2057ac600             Options.num_levels: 7
2022/07/08-03:42:47.995915 2057ac600        Options.min_write_buffer_number_to_merge: 1
2022/07/08-03:42:47.995916 2057ac600     Options.max_write_buffer_number_to_maintain: 0
2022/07/08-03:42:47.995917 2057ac600     Options.max_write_buffer_size_to_maintain: 0
2022/07/08-03:42:47.995918 2057ac600            Options.bottommost_compression_opts.window_bits: -14
2022/07/08-03:42:47.995918 2057ac600                  Options.bottommost_compression_opts.level: 32767
2022/07/08-03:42:47.995919 2057ac600               Options.bottommost_compression_opts.strategy: 0
2022/07/08-03:42:47.995920 2057ac600         Options.bottommost_compression_opts.max_dict_bytes: 0
2022/07/08-03:42:47.995920 2057ac600         Options.bottommost_compression_opts.zstd_max_train_bytes: 0
2022/07/08-03:42:47.995921 2057ac600         Options.bottommost_compression_opts.parallel_threads: 1
2022/07/08-03:42:47.995933 2057ac600                  Options.bottommost_compression_opts.enabled: false
2022/07/08-03:42:47.995934 2057ac600            Options.compression_opts.window_bits: -14
2022/07/08-03:42:47.995934 2057ac600                  Options.compression_opts.level: 32767
2022/07/08-03:42:47.995935 2057ac600               Options.compression_opts.strategy: 0
2022/07/08-03:42:47.995936 2057ac600         Options.compression_opts.max_dict_bytes: 0
2022/07/08-03:42:47.995937 2057ac600         Options.compression_opts.zstd_max_train_bytes: 0
2022/07/08-03:42:47.995937 2057ac600         Options.compression_opts.parallel_threads: 1
2022/07/08-03:42:47.995938 2057ac600                  Options.compression_opts.enabled: false
2022/07/08-03:42:47.995939 2057ac600      Options.level0_file_num_compaction_trigger: 4
2022/07/08-03:42:47.995940 2057ac600          Options.level0_slowdown_writes_trigger: 20
2022/07/08-03:42:47.995940 2057ac600              Options.level0_stop_writes_trigger: 36
2022/07/08-03:42:47.995941 2057ac600                   Options.target_file_size_base: 67108864
2022/07/08-03:42:47.995942 2057ac600             Options.target_file_size_multiplier: 1
2022/07/08-03:42:47.995942 2057ac600                Options.max_bytes_for_level_base: 268435456
2022/07/08-03:42:47.995943 2057ac600 Options.level_compaction_dynamic_level_bytes: 0
2022/07/08-03:42:47.995944 2057ac600          Options.max_bytes_for_level_multiplier: 10.000000
2022/07/08-03:42:47.995945 2057ac600 Options.max_bytes_for_level_multiplier_addtl[0]: 1
2022/07/08-03:42:47.995946 2057ac600 Options.max_bytes_for_level_multiplier_addtl[1]: 1
2022/07/08-03:42:47.995946 2057ac600 Options.max_bytes_for_level_multiplier_addtl[2]: 1
2022/07/08-03:42:47.995947 2057ac600 Options.max_bytes_for_level_multiplier_addtl[3]: 1
2022/07/08-03:42:47.995948 2057ac600 Options.max_bytes_for_level_multiplier_addtl[4]: 1
2022/07/08-03:42:47.995949 2057ac600 Options.max_bytes_for_level_multiplier_addtl[5]: 1
2022/07/08-03:42:47.995949 2057ac600 Options.max_bytes_for_level_multiplier_addtl[6]: 1
2022/07/08-03:42:47.995950 2057ac600       Options.max_sequential_skip_in_iterations: 8
2022/07/08-03:42:47.995951 2057ac600                    Options.max_compaction_bytes: 1677721600
2022/07/08-03:42:47.995952 2057ac600                        Options.arena_block_size: 8388608
2022/07/08-03:42:47.995952 2057ac600   Options.soft_pending_compaction_bytes_limit: 68719476736
2022/07/08-03:42:47.995953 2057ac600   Options.hard_pending_compaction_bytes_limit: 274877906944
2022/07/08-03:42:47.995954 2057ac600       Options.rate_limit_delay_max_milliseconds: 100
2022/07/08-03:42:47.995955 2057ac600                Options.disable_auto_compactions: 1
2022/07/08-03:42:47.995955 2057ac600                        Options.compaction_style: kCompactionStyleLevel
2022/07/08-03:42:47.995956 2057ac600                          Options.compaction_pri: kMinOverlappingRatio
2022/07/08-03:42:47.995957 2057ac600 Options.compaction_options_universal.size_ratio: 1
2022/07/08-03:42:47.995957 2057ac600 Options.compaction_options_universal.min_merge_width: 2
2022/07/08-03:42:47.995958 2057ac600 Options.compaction_options_universal.max_merge_width: 4294967295
2022/07/08-03:42:47.995959 2057ac600 Options.compaction_options_universal.max_size_amplification_percent: 200
2022/07/08-03:42:47.995960 2057ac600 Options.compaction_options_universal.compression_size_percent: -1
2022/07/08-03:42:47.995961 2057ac600 Options.compaction_options_universal.stop_style: kCompactionStopStyleTotalSize
2022/07/08-03:42:47.995961 2057ac600 Options.compaction_options_fifo.max_table_files_size: 1073741824
2022/07/08-03:42:47.995962 2057ac600 Options.compaction_options_fifo.allow_compaction: 0
2022/07/08-03:42:47.995963 2057ac600                   Options.table_properties_collectors: 
2022/07/08-03:42:47.995964 2057ac600                   Options.inplace_update_support: 0
2022/07/08-03:42:47.995964 2057ac600                 Options.inplace_update_num_locks: 10000
2022/07/08-03:42:47.995965 2057ac600               Options.memtable_prefix_bloom_size_ratio: 0.000000
2022/07/08-03:42:47.995976 2057ac600               Options.memtable_whole_key_filtering: 0
2022/07/08-03:42:47.995977 2057ac600   Options.memtable_huge_page_size: 0
2022/07/08-03:42:47.995978 2057ac600                           Options.bloom_locality: 0
2022/07/08-03:42:47.995979 2057ac600                    Options.max_successive_merges: 0
2022/07/08-03:42:47.995979 2057ac600                Options.optimize_filters_for_hits: 0
2022/07/08-03:42:47.995980 2057ac600                Options.paranoid_file_checks: 0
2022/07/08-03:42:47.995981 2057ac600                Options.force_consistency_checks: 0
2022/07/08-03:42:47.995982 2057ac600                Options.report_bg_io_stats: 0
2022/07/08-03:42:47.995982 2057ac600                               Options.ttl: 2592000
2022/07/08-03:42:47.995983 2057ac600          Options.periodic_compaction_seconds: 2592000
2022/07/08-03:42:47.996005 2057ac600 [db/column_family.cc:580] --------------- Options for column family [NZ]:
2022/07/08-03:42:47.996006 2057ac600               Options.comparator: leveldb.BytewiseComparator
2022/07/08-03:42:47.996007 2057ac600           Options.merge_operator: None
2022/07/08-03:42:47.996007 2057ac600        Options.compaction_filter: filter_outdated
2022/07/08-03:42:47.996008 2057ac600        Options.compaction_filter_factory: None
2022/07/08-03:42:47.996009 2057ac600  Options.sst_partitioner_factory: None
2022/07/08-03:42:47.996010 2057ac600         Options.memtable_factory: SkipListFactory
2022/07/08-03:42:47.996010 2057ac600            Options.table_factory: BlockBasedTable
2022/07/08-03:42:47.996018 2057ac600            table_factory options:   flush_block_policy_factory: FlushBlockBySizePolicyFactory (0x7f991120f430)
  cache_index_and_filter_blocks: 0
  cache_index_and_filter_blocks_with_high_priority: 1
  pin_l0_filter_and_index_blocks_in_cache: 0
  pin_top_level_index_and_filter: 1
  index_type: 0
  data_block_index_type: 0
  index_shortening: 1
  data_block_hash_table_util_ratio: 0.750000
  hash_index_allow_collision: 1
  checksum: 1
  no_block_cache: 0
  block_cache: 0x7f991120f478
  block_cache_name: LRUCache
  block_cache_options:
    capacity : 8388608
    num_shard_bits : 4
    strict_capacity_limit : 0
    memory_allocator : None
    high_pri_pool_ratio: 0.000
  block_cache_compressed: 0x0
  persistent_cache: 0x0
  block_size: 4096
  block_size_deviation: 10
  block_restart_interval: 16
  index_block_restart_interval: 1
  metadata_block_size: 4096
  partition_filters: 0
  use_delta_encoding: 1
  filter_policy: nullptr
  whole_key_filtering: 1
  verify_compression: 0
  read_amp_bytes_per_bit: 0
  format_version: 4
  enable_index_compression: 1
  block_align: 0
2022/07/08-03:42:47.996019 2057ac600        Options.write_buffer_size: 67108864
2022/07/08-03:42:47.996020 2057ac600  Options.max_write_buffer_number: 2
2022/07/08-03:42:47.996020 2057ac600          Options.compression: NoCompression
2022/07/08-03:42:47.996021 2057ac600                  Options.bottommost_compression: Disabled
2022/07/08-03:42:47.996022 2057ac600       Options.prefix_extractor: nullptr
2022/07/08-03:42:47.996023 2057ac600   Options.memtable_insert_with_hint_prefix_extractor: nullptr
2022/07/08-03:42:47.996023 2057ac600             Options.num_levels: 7
2022/07/08-03:42:47.996024 2057ac600        Options.min_write_buffer_number_to_merge: 1
2022/07/08-03:42:47.996025 2057ac600     Options.max_write_buffer_number_to_maintain: 0
2022/07/08-03:42:47.996025 2057ac600     Options.max_write_buffer_size_to_maintain: 0
2022/07/08-03:42:47.996026 2057ac600            Options.bottommost_compression_opts.window_bits: -14
2022/07/08-03:42:47.996027 2057ac600                  Options.bottommost_compression_opts.level: 32767
2022/07/08-03:42:47.996028 2057ac600               Options.bottommost_compression_opts.strategy: 0
2022/07/08-03:42:47.996028 2057ac600         Options.bottommost_compression_opts.max_dict_bytes: 0
2022/07/08-03:42:47.996029 2057ac600         Options.bottommost_compression_opts.zstd_max_train_bytes: 0
2022/07/08-03:42:47.996030 2057ac600         Options.bottommost_compression_opts.parallel_threads: 1
2022/07/08-03:42:47.996038 2057ac600                  Options.bottommost_compression_opts.enabled: false
2022/07/08-03:42:47.996039 2057ac600            Options.compression_opts.window_bits: -14
2022/07/08-03:42:47.996039 2057ac600                  Options.compression_opts.level: 32767
2022/07/08-03:42:47.996040 2057ac600               Options.compression_opts.strategy: 0
2022/07/08-03:42:47.996041 2057ac600         Options.compression_opts.max_dict_bytes: 0
2022/07/08-03:42:47.996042 2057ac600         Options.compression_opts.zstd_max_train_bytes: 0
2022/07/08-03:42:47.996042 2057ac600         Options.compression_opts.parallel_threads: 1
2022/07/08-03:42:47.996043 2057ac600                  Options.compression_opts.enabled: false
2022/07/08-03:42:47.996044 2057ac600      Options.level0_file_num_compaction_trigger: 4
2022/07/08-03:42:47.996044 2057ac600          Options.level0_slowdown_writes_trigger: 20
2022/07/08-03:42:47.996045 2057ac600              Options.level0_stop_writes_trigger: 36
2022/07/08-03:42:47.996046 2057ac600                   Options.target_file_size_base: 67108864
2022/07/08-03:42:47.996047 2057ac600             Options.target_file_size_multiplier: 1
2022/07/08-03:42:47.996047 2057ac600                Options.max_bytes_for_level_base: 268435456
2022/07/08-03:42:47.996048 2057ac600 Options.level_compaction_dynamic_level_bytes: 0
2022/07/08-03:42:47.996049 2057ac600          Options.max_bytes_for_level_multiplier: 10.000000
2022/07/08-03:42:47.996050 2057ac600 Options.max_bytes_for_level_multiplier_addtl[0]: 1
2022/07/08-03:42:47.996050 2057ac600 Options.max_bytes_for_level_multiplier_addtl[1]: 1
2022/07/08-03:42:47.996051 2057ac600 Options.max_bytes_for_level_multiplier_addtl[2]: 1
2022/07/08-03:42:47.996052 2057ac600 Options.max_bytes_for_level_multiplier_addtl[3]: 1
2022/07/08-03:42:47.996053 2057ac600 Options.max_bytes_for_level_multiplier_addtl[4]: 1
2022/07/08-03:42:47.996053 2057ac600 Options.max_bytes_for_level_multiplier_addtl[5]: 1
2022/07/08-03:42:47.996054 2057ac600 Options.max_bytes_for_level_multiplier_addtl[6]: 1
2022/07/08-03:42:47.996055 2057ac600       Options.max_sequential_skip_in_iterations: 8
2022/07/08-03:42:47.996056 2057ac600                    Options.max_compaction_bytes: 1677721600
2022/07/08-03:42:47.996056 2057ac600                        Options.arena_block_size: 8388608
2022/07/08-03:42:47.996057 2057ac600   Options.soft_pending_compaction_bytes_limit: 68719476736
2022/07/08-03:42:47.996058 2057ac600   Options.hard_pending_compaction_bytes_limit: 274877906944
2022/07/08-03:42:47.996058 2057ac600       Options.rate_limit_delay_max_milliseconds: 100
2022/07/08-03:42:47.996059 2057ac600                Options.disable_auto_compactions: 1
2022/07/08-03:42:47.996060 2057ac600                        Options.compaction_style: kCompactionStyleLevel
2022/07/08-03:42:47.996061 2057ac600                          Options.compaction_pri: kMinOverlappingRatio
